crates/soul-mem-query/Cargo.toml
  s_f8c43b4636f5a3::t_0d8847697b3fe3 13-14
Cargo.toml
  s_f8c43b4636f5a3::t_0d8847697b3fe3 16-18
crates/soul-mem-query/src/embedding/embedding_model/bge.rs
  s_f8c43b4636f5a3::t_0d8847697b3fe3 17
Cargo.lock
  s_f8c43b4636f5a3::t_692c09ce223a55 35,46,89,91,178,180,208,211-216,219,221,258-259,281,292,312,314,319,339,358,373,375,383,385,391,404,415,436-437,439,441,446,448,450,459-464,479,481,492-505,517,519,533-557,560,562,571,573,579-589,616,618,625,627,631,648,650,654,656,659-660,662-663,667,670-675,680,682,686,689,691,696,698,703,705,739,741,753-759,769-775,777-782,786,788,837,839,847,849,866,923-941,949,990,992,1002,1004,1007-1008,1010-1025,1042-1051,1077-1085,1110,1154-1162,1165,1167,1175,1177,1184,1186,1194,1251-1252,1254,1256-1257,1291,1304,1315,1326,1358,1379,1389,1402,1424,1435,1454-1455,1488,1522,1570,1572,1582,1584-1585,1591,1594,1598,1617,1629,1649,1708,1710,1716-1717,1739,1745,1747,1749,1826-1837,1937,1976-1977,1979,1981,1986-1997,2000,2006,2008,2010-2012,2015,2021,2023,2025-2027,2030,2036,2038,2041,2044,2048-2049,2052,2057,2059,2061-2063,2065,2068,2075,2077,2079-2081,2084,2090,2092,2094-2096,2099,2119,2122,2132,2142,2144,2146-2147,2150-2151,2171-2172,2174,2176,2180-2181,2183,2185-2200,2205,2207,2214,2229,2232,2256,2280-2281,2295-2300,2326,2330-2331,2340-2341,2343,2345-2365,2369-2370,2372,2374-2388,2412,2417,2419,2427,2429,2432,2437,2439,2443-2444,2455-2456,2458,2462,2464,2471,2473,2479-2481,2496-2497,2499,2502,2504,2517-2519,2524-2525,2529,2577,2697,2711,2821,2823,2856,2858,2860,2892,2909,2918,2929,2962-2970,2983-3031,3034,3036,3038,3044,3046,3048,3064-3080,3107,3109,3123,3125,3136,3139-3150,3187,3189,3207,3215,3218,3228,3230,3241-3249,3308-3316,3319,3321,3323,3333,3343,3349,3351,3355,3357,3375,3412,3414,3418,3424,3426,3431,3434,3437,3459,3462-3467,3485,3498,3518-3519,3571-3572,3574,3576,3580-3581,3583,3585,3589-3590,3592,3594-3596,3600-3601,3603,3605-3606,3610-3611,3613,3615,3643,3661,3672,3705,3723-3750,3772-3777,3784,3837-3838,3840-3843,3882,3901,3920-3925,3963,3965,3973,3975,3983,3985,3991,3996,3998,4042,4055,4068-4069,4071-4074,4077-4078,4080-4085,4088-4089,4091,4133,4148,4150,4206,4229,4231,4241,4263,4272,4279,4281,4284,4286-4289,4291,4295-4296,4298,4302,4304,4323,4325,4333-4334,4343,4345,4347,4349,4351-4352,4355,4366,4368,4373,4375,4380,4382,4401,4403,4412,4414,4421-4422,4424,4426-4428,4469-4474,4482,4487,4489,4491,4502,4504,4510,4518,4520,4522,4528,4540,4542,4544,4552,4554,4560-4570,4573,4575,4583,4585,4596,4598,4600,4628,4641,4670,4716-4724,4731,4747,4749,4759,4761,4769-4770,4772,4775-4776,4778-4816,4820,4822,4826,4829-4831,4833-4834,4838,4843,4845,4851,4859,4875,4880-4881,4883,4885-4890,4906,4915,4917,4921,4923,4940,4949,4951,4958,4965,4967,4977,4979,4986-4987,4989,4991-5003,5006-5011,5026,5028,5036-5041,5044,5046,5054,5056,5058-5059,5062,5105-5106,5161,5186-5196,5210-5211,5213,5215,5218,5222,5225,5227,5233-5234,5236,5238,5242-5243,5245,5247,5251-5252,5254,5256-5258,5299-5300,5302,5305-5306,5308-5312,5323-5328,5349,5351,5355,5357,5432,5454,5492-5493,5495,5497-5498,5570,5582,5591-5596,5610,5612,5636,5641,5643,5645,5654-5679,5682,5684,5695,5712-5724,5754,5820,5823,5852,5863,5868,5870,5872,5891,5893,5907,5909,5913,5915,5953,5955,5986,6013,6020,6036,6038,6046,6053,6055,6059,6063-6064,6066,6068-6069,6079,6107-6130,6142,6144,6183,6187-6188,6222-6234,6243,6257-6279,6281,6283-6284,6293-6298,6300,6302,6304-6305,6314-6319,6329-6334,6337,6339,6342-6343,6345,6348-6349,6351,6397,6399,6446,6493,6495,6498,6561-6569,6572,6574,6576,6580-6581,6583,6585,6590,6592,6594,6603,6605,6613,6615,6623,6625,6630,6636,6638,6657-6658,6660,6662-6666,6671,6673,6689-6697,6704,6709,6711,6794-6806,6838-6858,6872-6882,6891,6902,6911-6931,7019-7027,7126,7128,7135,7137,7140-7141,7143,7146-7147,7149,7152-7153,7155,7158-7185,7189-7190,7192,7194-7219,7223-7224,7226,7229-7237,7240-7252,7256-7257,7259,7262-7279,7282-7293,7333,7335,7350,7362,7368,7370,7377,7379,7383,7403,7409,7411,7420,7443,7456,7467,7486-7497,7500,7502
---
{
  "schema_version": "authorship/3.0.0",
  "git_ai_version": "1.6.14",
  "base_commit_sha": "b7858362ceb596523cdd75029f0aca8db1003dbc",
  "prompts": {},
  "sessions": {
    "s_f8c43b4636f5a3": {
      "agent_id": {
        "tool": "opencode",
        "id": "ses_08c9fe430ffeMzswXIylJXDKOq",
        "model": "unknown"
      },
      "human_author": "dynamder <igaster@163.com>"
    }
  }
}