crates/soul-mem-query/src/query/compute.rs
  s_7140c2abf54abb::t_a8da753c98fdf0 208-209,213,217,221,225-241,243,267,276,278,465-543
crates/soul-mem-query/src/embedding/embedding_model/bge.rs
  s_7140c2abf54abb::t_a8da753c98fdf0 1-2,6,13-22,25-26,28-39,41-42
crates/soul-mem-query/src/embedding/sem.rs
  s_7140c2abf54abb::t_a8da753c98fdf0 16,27,34-35,41,44,62,77,124,151,169
crates/soul-mem-query/src/embedding/situation.rs
  s_7140c2abf54abb::t_a8da753c98fdf0 11,16,123-137
  s_7140c2abf54abb::t_9d6102c5a38346 138-139
Cargo.lock
  s_7140c2abf54abb::t_0afd1bc200b35d 89,91,178,180,208,219,221,258,281,292,312,314,319,373,375,383,385,403,516,518,548,554,559,561,570,572,615,617,624,626,630,647,649,685,691,723,757,759,787,789,804,806,855,857,865,867,884,1008,1010,1204,1206,1214,1216,1223,1225,1291,1293,1336,1349,1360,1371,1400-1402,1412,1433,1443,1456,1478,1489,1509,1535-1544,1553,1649,1694,1714,1773,1775,1897,2015,2220,2222,2229-2230,2267,2285,2287,2312,2410,2450,2452,2454,2460,2503,2508,2510,2518,2520,2528,2530,2553,2555,2562,2564,2595,2684,2804,2818,2865-2870,2934,2936,2952-2953,2971,2973,2975,3007,3024,3044,3125,3144,3149,3151,3153,3159,3161,3165,3209-3214,3229,3231,3245,3247,3263,3265,3269,3271,3309,3311,3340,3462,3464,3492,3494,3498,3500,3555,3557,3602,3777,3779,3809,3871,3898-3908,3916-3917,3934,4033,4124,4170,4172,4189,4191,4205,4207,4269,4271,4279,4281,4289,4291,4297,4302,4304,4348,4361,4390,4454,4456,4512,4569,4608,4610,4629,4631,4649,4651,4655,4657,4671,4673,4680,4685,4687,4706,4708,4717,4719,4732,4787,4937,5043,5045,5055,5057,5066,5068,5117,5244,5246,5272,5274,5288,5290,5300,5302,5349,5351,5484,5511,5513,5517,5624,5626,5673,5675,5679,5681,5784,5903,5915,5943,5945-5956,5980,6039,6196,6207,6235,6237,6240,6252,6254,6258,6260,6298,6300,6331,6365,6392,6399,6415,6417,6432,6434,6438,6517,6531,6533,6632,6705,6707,6726,6728,6786,6788,6807-6812,6888,6890,6893,6973,6975,6977-6986,7000,7002,7013,7015,7023,7025,7033,7035,7040,7046,7048,7053-7074,7101-7112,7115,7117,7135,7137,7143,7164,7169,7171,7351,7362,7586,7588,7593-7601,7608-7686,7701,7703,7737,7739,7749,7770,7772,7785,7802,7804,7886,7888,7903,7915,7921,7923,7930,7932,7936,7956,7962,7964,7977,7987,8010,8023,8034,8097,8099
---
{
  "schema_version": "authorship/3.0.0",
  "git_ai_version": "1.6.16",
  "base_commit_sha": "44c042a1ed7326d5a4954e31fd1e271682c5f733",
  "prompts": {},
  "sessions": {
    "s_7140c2abf54abb": {
      "agent_id": {
        "tool": "opencode",
        "id": "ses_04793d877ffevW4I3xWWNNyZqn",
        "model": "unknown"
      },
      "human_author": "dynamder <igaster@163.com>"
    }
  }
}